CO2 = 0.96498305
H2 = 2.6552862e-11
CO = 1.4134669e-05
H2O = 1.247985e-06
O[1D] = 1.2762983e-21
O = 4.7343673e-10
O2 = 8.3358157e-07
O2[DG] = 1.566927e-11
O3 = 8.539671e-12
H = 3.0969202e-13
OH = 5.603591e-15
HO2 = 7.4330394e-14
H2O2 = 3.9581196e-18
Cl = 1.6735324e-08
ClO = 8.3910504e-11
Cl2 = 5.0978524e-09
HCl = 3.7184248e-07
HOCl = 3.374706e-14
ClCO = 8.792221e-13
ClCO3 = 1.681439e-12
COCl2 = 1.6725217e-12
S = 4.62322e-12
SO = 6.675723e-10
SO2 = 2.1549415e-08
SO3 = 8.470306e-11
S2O2 = 4.1336882e-17
OCS = 3.0632485e-10
HSO3 = 8.120217e-16
H2SO4 = 1.6211324e-11
S2 = 3.3710992e-11
ClSO2 = 6.4275785e-10
N2 = 0.03500032
N = 1.239697e-13
N[2D] = 3.10204e-30
NO = 4.733182e-10
NO2 = 1.3955211e-11
NO3 = 2.0382155e-12
ClNO = 1.1475776e-12
