CO2 = 1.6587014e+18
H2 = 45641496.0
CO = 24295965000000.0
H2O = 2145151000000.0
O[1D] = 0.0021938186
O = 813786430.0
O2 = 1432836400000.0
O2[DG] = 26933778.0
O3 = 14678769.0
H = 532327.06
OH = 9631.966
HO2 = 127765.9
H2O2 = 6.803579
Cl = 28766210000.0
ClO = 144233070.0
Cl2 = 8762656000.0
HCl = 639156940000.0
HOCl = 58007.54
ClCO = 1511287.5
ClCO3 = 2890211.5
COCl2 = 2874883.8
S = 7946814.5
SO = 1147484400.0
SO2 = 37041110000.0
SO3 = 145595380.0
S2O2 = 71.05362
OCS = 526539230.0
HSO3 = 1395.7773
H2SO4 = 27865510.0
S2 = 57945544.0
ClSO2 = 1104831100.0
N2 = 6.016176e+16
N = 213090.48
N[2D] = 5.3320707e-12
NO = 813582700.0
NO2 = 23987496.0
NO3 = 3503471.8
ClNO = 1972561.5
